AAMC
AAU
ACAQ
ACU
ADEX
ADRT
AE
AEF
AGE
AIM
AINC
AIRI
AMBI
AMBO
AMPE
AMS
APT
AREN
ARMP
ASM
ASXC
ATNM
AULT
AULT
D
AUMN
AUST
AWX
BACA
BATL
BCV
BCV
A
BDL
BGI
BHB
BHM
BITE
BKTI
BLUA
BMTX
BRBS
BRN
BTG
BTTR
BURU
CANF
CATX
CCEL
CCF
CEI
CET
CEV
CHAA
CIK
CIX
CKX
CLM
CMCL
CMT
COE
COHN
CPHI
CQP
CRF
CTGO
CTM
CVM
CVR
CVU
CYBN
DC
DHY
DIT
DLA
DMF
DNN
DPSI
DSS
DXF
EAD
ECF
ECF
A
EFSH
EIM
ELA
ELLO
ELMD
EMAN
EMX
ENSV
ENX
EP
EPM
EQX
ERC
ERH
ESP
EU
EVBN
EVI
EVM
EVV
FAX
FCO
FEN
FGH
FLAG
FOXO
FRD
FSI
FSP
FTF
FURY
GAU
GBR
GENC
GGN
GGN
B
GLDG
GLO
GLQ
GLTA
GLU
GLU
B
GLV
GNS
GORO
GRF
GRFX
GROY
GSAT
GTE
HNRA
HNW
HUSA
HWM
IAF
IAUX
IBIO
ID
IDR
IE
IGC
IHT
IMO
INDO
INFU
INLX
INTT
INUV
IOR
IPVF
ISDR
ITP
ITRG
JOB
JWSM
KIQ
KNW
KULR
LCTX
LEU
LGL
LNG
LODE
LPTV
LSF
LXFR
MAG
MAIA
MGLD
MHH
MIMO
MITQ
MLSS
MNK
MPTI
MPU
MSN
MTA
MTNB
MWG
MXC
MYO
NAK
NAVB
NBH
NBO
NBW
NBY
NEN
NEWP
NFGC
NG
NGD
NHC
NHS
NHWK
NML
NNVC
NRO
NSTB
NTIP
OBE
OGEN
OPTT
ORLA
OZ
PCG
A
PCG
B
PCG
C
PCG
D
PCG
E
PCG
G
PCG
H
PCG
I
PED
PHGE
PLAG
PLG
PLM
PLX
PLYM
A
POL
PRK
PTN
PW
PW
A
PZG
RCG
REI
REPX
RHE
RHE
A
RLGT
RMED
RVP
SACC
SACH
SACH
A
SATX
SBEV
SCCB
SCCC
SCCD
SCCE
SCCF
SCCG
SDPI
SEB
SENS
SGE
SIF
SILV
SIM
SKYH
SLI
SLND
SNMP
SSY
STRW
STXS
SVM
SVT
TELL
TELZ
TGB
THM
TKAT
TMBR
TMP
TMQ
TOVX
TPET
TPHS
TRT
TRX
UAMY
UAVS
UEC
UFAB
URG
USAS
UTG
UUU
UUUU
VFL
VGZ
VHAQ
VINE
VKI
VNRX
VZLA
WLMS
WRAC
WRN
WTT
WWR
WYY
XPL
XTNT
YCBD
YCBD
A
ZDGE
ZOM
